'*',    73,     1,    32,    36,     3,    15,    -1,     2
'SPENVIS 4.6.11.3477          - 11-Sep-2022 21:44:57'
'PRJ_DEF', -1,'PROJECT'
'PRJ_HDR', -1,'project'
'MOD_ABB', -1,'ORB'
'MIS_PLA',  1,    3,' '
'PLA_RAD', 1,   6371.20,'km'
'PLA_DIS', 1,     1.000,'AU'
'MIS_NTR',  1,    3,' '
'MIS_STA',  1,  26663.00000000,' '
'MIS_END',  1,  26753.00000000,' '
'MIS_DUR',  1, 9.000000E+01,'days'
'ORB_HDR', -1,'LEO'
'ORB_TYP', -1,'GEN'
'ORB_MJD',  1,  26663.00000000,' '
'ORB_YEA',  1, 2023,' '
'ORB_MON',  1,  1,' '
'ORB_DAY',  1,  1,' '
'ORB_HOU',  1,  0,' '
'ORB_MIN',  1,  0,' '
'ORB_SEC',  1,  0.0,' '
'ORB_APO',  1, 1.000000E+03,'km'
'ORB_PER',  1, 1.000000E+03,'km'
'ORB_INC',  1,     0.00,'deg'
'ORB_RAA',  1,     0.00,'deg'
'ORB_ARG',  1,     0.00,'deg'
'ORB_TRA',  1,     0.00,'deg'
'ORB_PRD',  1, 1.749430E+00,'hrs'
'ORB_DUR',  1, 7.289292E-02,'days'
'ORB_TSE',  1,  26694.00000000,' '
'ORB_AXM',  1,  2,' '
'ORB_MJR', -1,'1 Jan 1950, 00:00 UT'
'ORB_GDR', -1,'Astron. J. 66, 15, 1961'
'VEC_CMP', -3,'X','Y','Z'
'PS Annotation',  8,  1
'Mission start: 01/01/2023 00:00:00'
 0.05, 0.00, 0.00
'Mission end: 01/04/2023 00:00:00'
 0.95, 0.00, 1.00
'Nr. of segments:   3'
 0.05, 1.50, 0.00
'Duration: 90.00 days'
 0.95, 0.00, 1.00
'PS Annotation', 26,  0
'Segment  1: LEO'
 0.05, 2.00, 0.00
'Apogee: 1000.0 km'
 0.05, 1.50, 0.00
'Perigee: 1000.0 km'
 0.50, 0.00, 0.50
'Inclination: 0.0 deg'
 0.95, 0.00, 1.00
'R.A. Asc. Node: 0.0 deg'
 0.05, 1.50, 0.00
'Arg. Per.: 0.0 deg'
 0.50, 0.00, 0.50
'True Anomaly: 0.0 deg'
 0.95, 0.00, 1.00
'Period: 1.75 hrs'
 0.05, 1.50, 0.00
'Duration: 0.07 days'
 0.50, 0.00, 0.50
'1.00 Orbits'
 0.95, 0.00, 1.00
'Orbit start: 01/01/2023 00:00:00'
 0.05, 1.50, 0.00
'Orbit end: 01/01/2023 01:44:57'
 0.95, 0.00, 1.00
'Satellite axis parallel to the velocity vector'
 0.05, 1.00, 0.00
'Attitude',' ', 9,'Attitude'
'SatVel','km s!u-1!n', 3,'Satellite velocity component V_','VEC_CMP'
'SatSun',' ', 3,'Sun direction component S_','VEC_CMP'
  1.0000000,  0.0000000,  0.0000000,  0.0000000,  1.0000000,  0.0000000,  0.0000000,  0.0000000,  1.0000000,  0.0000000,  0.0000000,  7.3537216,  0.1787382,  0.3913243, -0.9027281
  1.0000000,  0.0000000,  0.0000729,  0.0000000,  1.0000000, -0.0000003, -0.0000729,  0.0000003,  1.0000000, -0.0000000,  0.0000000,  7.3537380,  0.1243593,  0.3913237, -0.9118117
  1.0000000,  0.0000000,  0.0001455, -0.0000000,  1.0000000, -0.0000006, -0.0001455,  0.0000006,  1.0000000,  0.0000000,  0.0000000,  7.3537862,  0.0695338,  0.3913231, -0.9176226
  1.0000000,  0.0000000,  0.0002176, -0.0000000,  1.0000000, -0.0000009, -0.0002176,  0.0000009,  1.0000000, -0.0000000, -0.0000000,  7.3538662,  0.0144583,  0.3913225, -0.9201400
  1.0000000,  0.0000000,  0.0002888,  0.0000000,  1.0000000, -0.0000012, -0.0002888,  0.0000012,  1.0000000, -0.0000000,  0.0000000,  7.3539777, -0.0406699,  0.3913218, -0.9193548
  0.9999999,  0.0000000,  0.0003591, -0.0000000,  1.0000000, -0.0000014, -0.0003591,  0.0000014,  0.9999999, -0.0000000,  0.0000000,  7.3541202, -0.0956531,  0.3913212, -0.9152695
  0.9999999,  0.0000000,  0.0004280,  0.0000000,  1.0000000, -0.0000017, -0.0004280,  0.0000017,  0.9999999, -0.0000000,  0.0000000,  7.3542933, -0.1502941,  0.3913206, -0.9078986
  0.9999999,  0.0000000,  0.0004953,  0.0000000,  1.0000000, -0.0000019, -0.0004953,  0.0000019,  0.9999999, -0.0000000,  0.0000000,  7.3544963, -0.2043970,  0.3913199, -0.8972684
  0.9999998,  0.0000000,  0.0005609,  0.0000000,  1.0000000, -0.0000021, -0.0005609,  0.0000021,  0.9999998, -0.0000000, -0.0000000,  7.3547285, -0.2577677,  0.3913192, -0.8834167
  0.9999998,  0.0000000,  0.0006244,  0.0000000,  1.0000000, -0.0000023, -0.0006244,  0.0000023,  0.9999998,  0.0000000,  0.0000000,  7.3549893, -0.3102148,  0.3913185, -0.8663929
  0.9999998,  0.0000000,  0.0006857,  0.0000000,  1.0000000, -0.0000024, -0.0006857,  0.0000024,  0.9999998, -0.0000000,  0.0000000,  7.3552776, -0.3615500,  0.3913178, -0.8462576
  0.9999997,  0.0000000,  0.0007444,  0.0000000,  1.0000000, -0.0000025, -0.0007444,  0.0000025,  0.9999997,  0.0000000,  0.0000000,  7.3555924, -0.4115891,  0.3913171, -0.8230829
  0.9999997,  0.0000000,  0.0008005,  0.0000000,  1.0000000, -0.0000026, -0.0008005,  0.0000026,  0.9999997, -0.0000000,  0.0000000,  7.3559327, -0.4601524,  0.3913163, -0.7969513
  0.9999996,  0.0000000,  0.0008537,  0.0000000,  1.0000000, -0.0000026, -0.0008537,  0.0000026,  0.9999996,  0.0000000,  0.0000000,  7.3562973, -0.5070654,  0.3913155, -0.7679563
  0.9999996,  0.0000000,  0.0009037, -0.0000000,  1.0000000, -0.0000027, -0.0009037,  0.0000027,  0.9999996, -0.0000000, -0.0000000,  7.3566848, -0.5521595,  0.3913147, -0.7362015
  0.9999995,  0.0000000,  0.0009506,  0.0000000,  1.0000000, -0.0000027, -0.0009506,  0.0000027,  0.9999995, -0.0000000, -0.0000000,  7.3570941, -0.5952727,  0.3913139, -0.7018004
  0.9999995,  0.0000000,  0.0009939,  0.0000000,  1.0000000, -0.0000026, -0.0009939,  0.0000026,  0.9999995, -0.0000000, -0.0000000,  7.3575235, -0.6362498,  0.3913131, -0.6648761
  0.9999995,  0.0000000,  0.0010338, -0.0000000,  1.0000000, -0.0000026, -0.0010338,  0.0000026,  0.9999995,  0.0000000,  0.0000000,  7.3579716, -0.6749433,  0.3913122, -0.6255608
  0.9999994,  0.0000000,  0.0010698,  0.0000000,  1.0000000, -0.0000025, -0.0010698,  0.0000025,  0.9999994,  0.0000000,  0.0000000,  7.3584369, -0.7112139,  0.3913113, -0.5839950
  0.9999994,  0.0000000,  0.0011021, -0.0000000,  1.0000000, -0.0000024, -0.0011021,  0.0000024,  0.9999994,  0.0000000,  0.0000000,  7.3589176, -0.7449309,  0.3913105, -0.5403278
  0.9999994,  0.0000000,  0.0011304, -0.0000000,  1.0000000, -0.0000022, -0.0011304,  0.0000022,  0.9999994,  0.0000000,  0.0000000,  7.3594119, -0.7759726,  0.3913096, -0.4947155
  0.9999993,  0.0000000,  0.0011547,  0.0000000,  1.0000000, -0.0000021, -0.0011547,  0.0000021,  0.9999993, -0.0000000,  0.0000000,  7.3599183, -0.8042269,  0.3913087, -0.4473216
  0.9999993,  0.0000000,  0.0011748, -0.0000000,  1.0000000, -0.0000019, -0.0011748,  0.0000019,  0.9999993, -0.0000000, -0.0000000,  7.3604347, -0.8295917,  0.3913078, -0.3983162
  0.9999993,  0.0000000,  0.0011907,  0.0000000,  1.0000000, -0.0000017, -0.0011907,  0.0000017,  0.9999993,  0.0000000,  0.0000000,  7.3609594, -0.8519753,  0.3913069, -0.3478749
  0.9999993,  0.0000000,  0.0012024,  0.0000000,  1.0000000, -0.0000015, -0.0012024,  0.0000015,  0.9999993, -0.0000000,  0.0000000,  7.3614904, -0.8712965,  0.3913060, -0.2961789
  0.9999993,  0.0000000,  0.0012098,  0.0000000,  1.0000000, -0.0000013, -0.0012098,  0.0000013,  0.9999993,  0.0000000,  0.0000000,  7.3620257, -0.8874852,  0.3913051, -0.2434137
  0.9999993,  0.0000000,  0.0012129,  0.0000000,  1.0000000, -0.0000011, -0.0012129,  0.0000011,  0.9999993,  0.0000000,  0.0000000,  7.3625635, -0.9004825,  0.3913043, -0.1897690
  0.9999993,  0.0000000,  0.0012117,  0.0000000,  1.0000000, -0.0000009, -0.0012117,  0.0000009,  0.9999993, -0.0000000, -0.0000000,  7.3631017, -0.9102408,  0.3913034, -0.1354374
  0.9999993,  0.0000000,  0.0012061,  0.0000000,  1.0000000, -0.0000006, -0.0012061,  0.0000006,  0.9999993,  0.0000000,  0.0000000,  7.3636384, -0.9167244,  0.3913025, -0.0806145
  0.9999993,  0.0000000,  0.0011962, -0.0000000,  1.0000000, -0.0000004, -0.0011962,  0.0000004,  0.9999993, -0.0000000,  0.0000000,  7.3641715, -0.9199092,  0.3913016, -0.0254974
  0.9999993,  0.0000000,  0.0011821,  0.0000000,  1.0000000, -0.0000002, -0.0011821,  0.0000002,  0.9999993, -0.0000000, -0.0000000,  7.3646991, -0.9197830,  0.3913007,  0.0297156
  0.9999993,  0.0000000,  0.0011638,  0.0000000,  1.0000000, -0.0000000, -0.0011638,  0.0000000,  0.9999993,  0.0000000, -0.0000000,  7.3652193, -0.9163455,  0.3912998,  0.0848256
  0.9999993, -0.0000000,  0.0011413,  0.0000000,  1.0000000,  0.0000002, -0.0011413, -0.0000002,  0.9999993, -0.0000000,  0.0000000,  7.3657300, -0.9096084,  0.3912990,  0.1396342
  0.9999994, -0.0000000,  0.0011148,  0.0000000,  1.0000000,  0.0000004, -0.0011148, -0.0000004,  0.9999994,  0.0000000, -0.0000000,  7.3662296, -0.8995953,  0.3912981,  0.1939437
  0.9999994, -0.0000000,  0.0010842,  0.0000000,  1.0000000,  0.0000005, -0.0010842, -0.0000005,  0.9999994,  0.0000000, -0.0000000,  7.3667160, -0.8863415,  0.3912972,  0.2475585
  0.9999994, -0.0000000,  0.0010498,  0.0000000,  1.0000000,  0.0000007, -0.0010498, -0.0000007,  0.9999994, -0.0000000,  0.0000000,  7.3671876, -0.8698943,  0.3912963,  0.3002851
  0.9999995, -0.0000000,  0.0010116,  0.0000000,  1.0000000,  0.0000008, -0.0010116, -0.0000008,  0.9999995,  0.0000000,  0.0000000,  7.3676425, -0.8503122,  0.3912954,  0.3519334
  0.9999995, -0.0000000,  0.0009698,  0.0000000,  1.0000000,  0.0000009, -0.0009698, -0.0000009,  0.9999995, -0.0000000,  0.0000000,  7.3680792, -0.8276653,  0.3912945,  0.4023168
  0.9999996, -0.0000000,  0.0009244,  0.0000000,  1.0000000,  0.0000010, -0.0009244, -0.0000010,  0.9999996, -0.0000000, -0.0000000,  7.3684961, -0.8020347,  0.3912936,  0.4512535
  0.9999996, -0.0000000,  0.0008758,  0.0000000,  1.0000000,  0.0000010, -0.0008758, -0.0000010,  0.9999996, -0.0000000, -0.0000000,  7.3688916, -0.7735123,  0.3912926,  0.4985668
  0.9999997, -0.0000000,  0.0008240,  0.0000000,  1.0000000,  0.0000011, -0.0008240, -0.0000011,  0.9999997, -0.0000000,  0.0000000,  7.3692644, -0.7422005,  0.3912917,  0.5440857
  0.9999997, -0.0000000,  0.0007691, -0.0000000,  1.0000000,  0.0000011, -0.0007691, -0.0000011,  0.9999997,  0.0000000, -0.0000000,  7.3696131, -0.7082120,  0.3912907,  0.5876456
  0.9999997, -0.0000000,  0.0007115,  0.0000000,  1.0000000,  0.0000011, -0.0007115, -0.0000011,  0.9999997,  0.0000000,  0.0000000,  7.3699364, -0.6716688,  0.3912897,  0.6290893
  0.9999998, -0.0000000,  0.0006513,  0.0000000,  1.0000000,  0.0000010, -0.0006513, -0.0000010,  0.9999998, -0.0000000,  0.0000000,  7.3702334, -0.6327027,  0.3912887,  0.6682667
  0.9999998, -0.0000000,  0.0005886, -0.0000000,  1.0000000,  0.0000010, -0.0005886, -0.0000010,  0.9999998,  0.0000000, -0.0000000,  7.3705029, -0.5914539,  0.3912877,  0.7050363
  0.9999999, -0.0000000,  0.0005239,  0.0000000,  1.0000000,  0.0000009, -0.0005239, -0.0000009,  0.9999999,  0.0000000,  0.0000000,  7.3707441, -0.5480711,  0.3912867,  0.7392651
  0.9999999, -0.0000000,  0.0004571,  0.0000000,  1.0000000,  0.0000008, -0.0004571, -0.0000008,  0.9999999,  0.0000000, -0.0000000,  7.3709561, -0.5027106,  0.3912856,  0.7708292
  0.9999999, -0.0000000,  0.0003887,  0.0000000,  1.0000000,  0.0000006, -0.0003887, -0.0000006,  0.9999999, -0.0000000,  0.0000000,  7.3711382, -0.4555362,  0.3912845,  0.7996144
  0.9999999, -0.0000000,  0.0003188,  0.0000000,  1.0000000,  0.0000005, -0.0003188, -0.0000005,  0.9999999,  0.0000000,  0.0000000,  7.3712898, -0.4067178,  0.3912834,  0.8255168
  1.0000000, -0.0000000,  0.0002478,  0.0000000,  1.0000000,  0.0000004, -0.0002478, -0.0000004,  1.0000000,  0.0000000,  0.0000000,  7.3714106, -0.3564318,  0.3912823,  0.8484425
  1.0000000, -0.0000000,  0.0001757,  0.0000000,  1.0000000,  0.0000002, -0.0001757, -0.0000002,  1.0000000,  0.0000000, -0.0000000,  7.3715000, -0.3048595,  0.3912811,  0.8683086
  1.0000000, -0.0000000,  0.0001030, -0.0000000,  1.0000000,  0.0000000, -0.0001030, -0.0000000,  1.0000000, -0.0000000,  0.0000000,  7.3715579, -0.2521873,  0.3912800,  0.8850433
  1.0000000,  0.0000000,  0.0000299,  0.0000000,  1.0000000, -0.0000002, -0.0000299,  0.0000002,  1.0000000, -0.0000000,  0.0000000,  7.3715841, -0.1986051,  0.3912788,  0.8985861
  1.0000000, -0.0000000, -0.0000433, -0.0000000,  1.0000000, -0.0000004,  0.0000433,  0.0000004,  1.0000000,  0.0000000,  0.0000000,  7.3715786, -0.1443066,  0.3912776,  0.9088880
  1.0000000, -0.0000000, -0.0001164,  0.0000000,  1.0000000, -0.0000006,  0.0001164,  0.0000006,  1.0000000, -0.0000000, -0.0000000,  7.3715414, -0.0894878,  0.3912764,  0.9159119
  1.0000000, -0.0000000, -0.0001892, -0.0000000,  1.0000000, -0.0000008,  0.0001892,  0.0000008,  1.0000000, -0.0000000,  0.0000000,  7.3714728, -0.0343465,  0.3912753,  0.9196325
  1.0000000, -0.0000000, -0.0002612, -0.0000000,  1.0000000, -0.0000009,  0.0002612,  0.0000009,  1.0000000,  0.0000000,  0.0000000,  7.3713729,  0.0209180,  0.3912741,  0.9200364
  0.9999999, -0.0000000, -0.0003323,  0.0000000,  1.0000000, -0.0000011,  0.0003323,  0.0000011,  0.9999999,  0.0000000,  0.0000000,  7.3712423,  0.0761062,  0.3912729,  0.9171223
  0.9999999, -0.0000000, -0.0004022,  0.0000000,  1.0000000, -0.0000013,  0.0004022,  0.0000013,  0.9999999,  0.0000000,  0.0000000,  7.3710814,  0.1310190,  0.3912717,  0.9109009
  0.9999999, -0.0000000, -0.0004706, -0.0000000,  1.0000000, -0.0000014,  0.0004706,  0.0000014,  0.9999999,  0.0000000,  0.0000000,  7.3708907,  0.1854580,  0.3912706,  0.9013948
  0.9999999, -0.0000000, -0.0005373,  0.0000000,  1.0000000, -0.0000016,  0.0005373,  0.0000016,  0.9999999,  0.0000000,  0.0000000,  7.3706710,  0.2392269,  0.3912694,  0.8886387
  0.9999998, -0.0000000, -0.0006020,  0.0000000,  1.0000000, -0.0000017,  0.0006020,  0.0000017,  0.9999998,  0.0000000,  0.0000000,  7.3704230,  0.2921316,  0.3912683,  0.8726788
  0.9999998, -0.0000000, -0.0006645,  0.0000000,  1.0000000, -0.0000018,  0.0006645,  0.0000018,  0.9999998, -0.0000000, -0.0000000,  7.3701476,  0.3439812,  0.3912672,  0.8535730
  0.9999997, -0.0000000, -0.0007246,  0.0000000,  1.0000000, -0.0000019,  0.0007246,  0.0000019,  0.9999997, -0.0000000,  0.0000000,  7.3698458,  0.3945888,  0.3912661,  0.8313907
  0.9999997, -0.0000000, -0.0007820,  0.0000000,  1.0000000, -0.0000019,  0.0007820,  0.0000019,  0.9999997,  0.0000000,  0.0000000,  7.3695186,  0.4437718,  0.3912650,  0.8062123
  0.9999997, -0.0000000, -0.0008365,  0.0000000,  1.0000000, -0.0000020,  0.0008365,  0.0000020,  0.9999997,  0.0000000, -0.0000000,  7.3691671,  0.4913531,  0.3912639,  0.7781289
  0.9999996, -0.0000000, -0.0008879, -0.0000000,  1.0000000, -0.0000020,  0.0008879,  0.0000020,  0.9999996, -0.0000000,  0.0000000,  7.3687925,  0.5371612,  0.3912629,  0.7472424
  0.9999996, -0.0000000, -0.0009360,  0.0000000,  1.0000000, -0.0000019,  0.0009360,  0.0000019,  0.9999996,  0.0000000, -0.0000000,  7.3683961,  0.5810312,  0.3912619,  0.7136644
  0.9999995, -0.0000000, -0.0009807, -0.0000000,  1.0000000, -0.0000019,  0.0009807,  0.0000019,  0.9999995,  0.0000000, -0.0000000,  7.3679794,  0.6228051,  0.3912609,  0.6775166
  0.9999995, -0.0000000, -0.0010218, -0.0000000,  1.0000000, -0.0000018,  0.0010218,  0.0000018,  0.9999995,  0.0000000,  0.0000000,  7.3675436,  0.6623326,  0.3912599,  0.6389297
  0.9999994, -0.0000000, -0.0010591,  0.0000000,  1.0000000, -0.0000017,  0.0010591,  0.0000017,  0.9999994, -0.0000000,  0.0000000,  7.3670904,  0.6994718,  0.3912590,  0.5980432
  0.9999994, -0.0000000, -0.0010926,  0.0000000,  1.0000000, -0.0000016,  0.0010926,  0.0000016,  0.9999994,  0.0000000,  0.0000000,  7.3666212,  0.7340890,  0.3912580,  0.5550049
  0.9999994, -0.0000000, -0.0011221,  0.0000000,  1.0000000, -0.0000014,  0.0011221,  0.0000014,  0.9999994,  0.0000000,  0.0000000,  7.3661378,  0.7660601,  0.3912571,  0.5099703
  0.9999993, -0.0000000, -0.0011474, -0.0000000,  1.0000000, -0.0000012,  0.0011474,  0.0000012,  0.9999993,  0.0000000, -0.0000000,  7.3656419,  0.7952704,  0.3912562,  0.4631022
  0.9999993, -0.0000000, -0.0011686,  0.0000000,  1.0000000, -0.0000010,  0.0011686,  0.0000010,  0.9999993, -0.0000000,  0.0000000,  7.3651350,  0.8216151,  0.3912553,  0.4145696
  0.9999993, -0.0000000, -0.0011855,  0.0000000,  1.0000000, -0.0000008,  0.0011855,  0.0000008,  0.9999993, -0.0000000,  0.0000000,  7.3646191,  0.8450000,  0.3912544,  0.3645477
  0.9999993, -0.0000000, -0.0011982,  0.0000000,  1.0000000, -0.0000006,  0.0011982,  0.0000006,  0.9999993, -0.0000000,  0.0000000,  7.3640960,  0.8653414,  0.3912535,  0.3132170
  0.9999993, -0.0000000, -0.0012064,  0.0000000,  1.0000000, -0.0000003,  0.0012064,  0.0000003,  0.9999993, -0.0000000,  0.0000000,  7.3635675,  0.8825669,  0.3912526,  0.2607626
  0.9999993, -0.0000000, -0.0012104,  0.0000000,  1.0000000, -0.0000001,  0.0012104,  0.0000001,  0.9999993,  0.0000000, -0.0000000,  7.3630355,  0.8966149,  0.3912517,  0.2073734
  0.9999993,  0.0000000, -0.0012100,  0.0000000,  1.0000000,  0.0000002,  0.0012100, -0.0000002,  0.9999993,  0.0000000, -0.0000000,  7.3625020,  0.9074358,  0.3912508,  0.1532419
  0.9999993,  0.0000000, -0.0012052,  0.0000000,  1.0000000,  0.0000005,  0.0012052, -0.0000005,  0.9999993, -0.0000000,  0.0000000,  7.3619688,  0.9149911,  0.3912500,  0.0985630
  0.9999993,  0.0000000, -0.0011961, -0.0000000,  1.0000000,  0.0000008,  0.0011961, -0.0000008,  0.9999993,  0.0000000,  0.0000000,  7.3614379,  0.9192546,  0.3912491,  0.0435334
  0.9999993,  0.0000000, -0.0011828,  0.0000000,  1.0000000,  0.0000011,  0.0011828, -0.0000011,  0.9999993,  0.0000000,  0.0000000,  7.3609113,  0.9202115,  0.3912482, -0.0116488
  0.9999993,  0.0000000, -0.0011652,  0.0000000,  1.0000000,  0.0000014,  0.0011652, -0.0000014,  0.9999993, -0.0000000,  0.0000000,  7.3603908,  0.9178591,  0.3912473, -0.0667853
  0.9999993,  0.0000000, -0.0011435,  0.0000000,  1.0000000,  0.0000016,  0.0011435, -0.0000016,  0.9999993,  0.0000000,  0.0000000,  7.3598784,  0.9122065,  0.3912464, -0.1216777
  0.9999994,  0.0000000, -0.0011177, -0.0000000,  1.0000000,  0.0000019,  0.0011177, -0.0000019,  0.9999994, -0.0000000,  0.0000000,  7.3593760,  0.9032749,  0.3912455, -0.1761289
  0.9999994,  0.0000000, -0.0010879, -0.0000000,  1.0000000,  0.0000022,  0.0010879, -0.0000022,  0.9999994,  0.0000000,  0.0000000,  7.3588854,  0.8910969,  0.3912447, -0.2299433
  0.9999994,  0.0000000, -0.0010543, -0.0000000,  1.0000000,  0.0000024,  0.0010543, -0.0000024,  0.9999994, -0.0000000,  0.0000000,  7.3584085,  0.8757170,  0.3912438, -0.2829278
  0.9999995,  0.0000000, -0.0010170,  0.0000000,  1.0000000,  0.0000026,  0.0010170, -0.0000026,  0.9999995,  0.0000000,  0.0000000,  7.3579469,  0.8571909,  0.3912429, -0.3348921
  0.9999995,  0.0000000, -0.0009760, -0.0000000,  1.0000000,  0.0000028,  0.0009760, -0.0000028,  0.9999995, -0.0000000,  0.0000000,  7.3575025,  0.8355860,  0.3912420, -0.3856498
  0.9999996,  0.0000000, -0.0009317,  0.0000000,  1.0000000,  0.0000030,  0.0009317, -0.0000030,  0.9999996, -0.0000000,  0.0000000,  7.3570768,  0.8109802,  0.3912411, -0.4350190
  0.9999996,  0.0000000, -0.0008840,  0.0000000,  1.0000000,  0.0000031,  0.0008840, -0.0000031,  0.9999996, -0.0000000, -0.0000000,  7.3566715,  0.7834624,  0.3912403, -0.4828226
  0.9999997,  0.0000000, -0.0008332,  0.0000000,  1.0000000,  0.0000032,  0.0008332, -0.0000032,  0.9999997, -0.0000000, -0.0000000,  7.3562881,  0.7531320,  0.3912394, -0.5288894
  0.9999997,  0.0000000, -0.0007795, -0.0000000,  1.0000000,  0.0000033,  0.0007795, -0.0000033,  0.9999997,  0.0000000,  0.0000000,  7.3559279,  0.7200981,  0.3912386, -0.5730542
  0.9999997,  0.0000000, -0.0007230,  0.0000000,  1.0000000,  0.0000034,  0.0007230, -0.0000034,  0.9999997, -0.0000000,  0.0000000,  7.3555923,  0.6844797,  0.3912377, -0.6151590
  0.9999998,  0.0000000, -0.0006639, -0.0000000,  1.0000000,  0.0000034,  0.0006639, -0.0000034,  0.9999998, -0.0000000,  0.0000000,  7.3552825,  0.6464049,  0.3912369, -0.6550530
  0.9999998,  0.0000000, -0.0006025, -0.0000000,  1.0000000,  0.0000034,  0.0006025, -0.0000034,  0.9999998,  0.0000000,  0.0000000,  7.3549997,  0.6060106,  0.3912361, -0.6925933
  0.9999999,  0.0000000, -0.0005390,  0.0000000,  1.0000000,  0.0000034,  0.0005390, -0.0000034,  0.9999999,  0.0000000, -0.0000000,  7.3547448,  0.5634420,  0.3912353, -0.7276456
  0.9999999,  0.0000000, -0.0004736,  0.0000000,  1.0000000,  0.0000033,  0.0004736, -0.0000033,  0.9999999, -0.0000000,  0.0000000,  7.3545188,  0.5188519,  0.3912346, -0.7600843
  0.9999999,  0.0000000, -0.0004064,  0.0000000,  1.0000000,  0.0000032,  0.0004064, -0.0000032,  0.9999999,  0.0000000, -0.0000000,  7.3543225,  0.4724005,  0.3912338, -0.7897936
  0.9999999,  0.0000000, -0.0003378, -0.0000000,  1.0000000,  0.0000031,  0.0003378, -0.0000031,  0.9999999, -0.0000000,  0.0000000,  7.3541565,  0.4242543,  0.3912331, -0.8166670
  1.0000000,  0.0000000, -0.0002681,  0.0000000,  1.0000000,  0.0000029,  0.0002681, -0.0000029,  1.0000000, -0.0000000,  0.0000000,  7.3540216,  0.3745862,  0.3912324, -0.8406083
  1.0000000,  0.0000000, -0.0001973, -0.0000000,  1.0000000,  0.0000028,  0.0001973, -0.0000028,  1.0000000, -0.0000000,  0.0000000,  7.3539180,  0.3235744,  0.3912317, -0.8615320
  1.0000000,  0.0000000, -0.0001258,  0.0000000,  1.0000000,  0.0000025,  0.0001258, -0.0000025,  1.0000000, -0.0000000,  0.0000000,  7.3538461,  0.2714016,  0.3912311, -0.8793631
  1.0000000,  0.0000000, -0.0000539,  0.0000000,  1.0000000,  0.0000023,  0.0000539, -0.0000023,  1.0000000,  0.0000000,  0.0000000,  7.3538062,  0.2182551,  0.3912304, -0.8940377
'End of Block'
'*',    73,     1,    32,    36,     3,    15,    -1,     1
'SPENVIS 4.6.11.3477          - 11-Sep-2022 21:44:57'
'PRJ_DEF', -1,'PROJECT'
'PRJ_HDR', -1,'project'
'MOD_ABB', -1,'ORB'
'MIS_PLA',  1,    3,' '
'PLA_RAD', 1,   6371.20,'km'
'PLA_DIS', 1,     1.000,'AU'
'MIS_NTR',  1,    3,' '
'MIS_STA',  1,  26663.00000000,' '
'MIS_END',  1,  26753.00000000,' '
'MIS_DUR',  1, 9.000000E+01,'days'
'ORB_HDR', -1,'GTO'
'ORB_TYP', -1,'GEN'
'ORB_MJD',  1,  26694.00000000,' '
'ORB_YEA',  1, 2023,' '
'ORB_MON',  1,  2,' '
'ORB_DAY',  1,  1,' '
'ORB_HOU',  1,  0,' '
'ORB_MIN',  1,  0,' '
'ORB_SEC',  1,  0.0,' '
'ORB_APO',  1, 3.578600E+04,'km'
'ORB_PER',  1, 1.000000E+03,'km'
'ORB_INC',  1,     0.00,'deg'
'ORB_RAA',  1,     0.00,'deg'
'ORB_ARG',  1,     0.00,'deg'
'ORB_TRA',  1,     0.00,'deg'
'ORB_PRD',  1, 1.077304E+01,'hrs'
'ORB_DUR',  1, 4.488766E-01,'days'
'ORB_TSE',  1,  26722.00000000,' '
'ORB_AXM',  1,  2,' '
'ORB_MJR', -1,'1 Jan 1950, 00:00 UT'
'ORB_GDR', -1,'Astron. J. 66, 15, 1961'
'VEC_CMP', -3,'X','Y','Z'
'PS Annotation',  8,  1
'Mission start: 01/01/2023 00:00:00'
 0.05, 0.00, 0.00
'Mission end: 01/04/2023 00:00:00'
 0.95, 0.00, 1.00
'Nr. of segments:   3'
 0.05, 1.50, 0.00
'Duration: 90.00 days'
 0.95, 0.00, 1.00
'PS Annotation', 26,  0
'Segment  2: GTO'
 0.05, 2.00, 0.00
'Apogee: 35786.0 km'
 0.05, 1.50, 0.00
'Perigee: 1000.0 km'
 0.50, 0.00, 0.50
'Inclination: 0.0 deg'
 0.95, 0.00, 1.00
'R.A. Asc. Node: 0.0 deg'
 0.05, 1.50, 0.00
'Arg. Per.: 0.0 deg'
 0.50, 0.00, 0.50
'True Anomaly: 0.0 deg'
 0.95, 0.00, 1.00
'Period: 10.77 hrs'
 0.05, 1.50, 0.00
'Duration: 0.45 days'
 0.50, 0.00, 0.50
'1.00 Orbits'
 0.95, 0.00, 1.00
'Orbit start: 01/02/2023 00:00:00'
 0.05, 1.50, 0.00
'Orbit end: 01/02/2023 10:46:22'
 0.95, 0.00, 1.00
'Satellite axis parallel to the velocity vector'
 0.05, 1.00, 0.00
'Attitude',' ', 9,'Attitude'
'SatVel','km s!u-1!n', 3,'Satellite velocity component V_','VEC_CMP'
'SatSun',' ', 3,'Sun direction component S_','VEC_CMP'
  1.0000000,  0.0000000,  0.0000000,  0.0000000,  1.0000000,  0.0000000,  0.0000000,  0.0000000,  1.0000000,  0.0000000,  0.0000000,  9.5947052,  0.6672505,  0.2962417, -0.6833869
  0.9994837, -0.0000000, -0.0321311,  0.0000000,  1.0000000, -0.0000002,  0.0321311,  0.0000002,  0.9994837,  0.0000000,  0.0000000,  9.5876295,  0.6352015,  0.2962386, -0.7132754
  0.9979467, -0.0000000, -0.0640493,  0.0000000,  1.0000000, -0.0000004,  0.0640493,  0.0000004,  0.9979467, -0.0000000,  0.0000000,  9.5665557,  0.6019702,  0.2962355, -0.7415366
  0.9954247, -0.0000001, -0.0955494,  0.0000000,  1.0000000, -0.0000007,  0.0955494,  0.0000007,  0.9954247,  0.0000000,  0.0000000,  9.5319319,  0.5677988,  0.2962324, -0.7680175
  0.9919741, -0.0000001, -0.1264415,  0.0000000,  1.0000000, -0.0000009,  0.1264415,  0.0000009,  0.9919741,  0.0000000,  0.0000000,  9.4844732,  0.5329400,  0.2962294, -0.7926053
  0.9876690, -0.0000002, -0.1565566,  0.0000000,  1.0000000, -0.0000011,  0.1565566,  0.0000011,  0.9876690,  0.0000000,  0.0000000,  9.4251187,  0.4976468,  0.2962263, -0.8152286
  0.9825969, -0.0000002, -0.1857508,  0.0000000,  1.0000000, -0.0000013,  0.1857508,  0.0000013,  0.9825969, -0.0000000,  0.0000000,  9.3549784,  0.4621638,  0.2962232, -0.8358567
  0.9768539, -0.0000003, -0.2139077,  0.0000000,  1.0000000, -0.0000015,  0.2139077,  0.0000014,  0.9768539,  0.0000000,  0.0000000,  9.2752757,  0.4267196,  0.2962201, -0.8544964
  0.9705402, -0.0000004, -0.2409391, -0.0000000,  1.0000000, -0.0000016,  0.2409391,  0.0000016,  0.9705402,  0.0000000,  0.0000000,  9.1872916,  0.3915208,  0.2962170, -0.8711871
  0.9637564, -0.0000005, -0.2667840,  0.0000000,  1.0000000, -0.0000017,  0.2667840,  0.0000017,  0.9637564,  0.0000000,  0.0000000,  9.0923138,  0.3567489,  0.2962139, -0.8859952
  0.9565994, -0.0000005, -0.2914062,  0.0000000,  1.0000000, -0.0000019,  0.2914062,  0.0000018,  0.9565994,  0.0000000,  0.0000000,  8.9915944,  0.3225576,  0.2962108, -0.8990082
  0.9491608, -0.0000006, -0.3147917,  0.0000000,  1.0000000, -0.0000019,  0.3147917,  0.0000018,  0.9491608, -0.0000000,  0.0000000,  8.8863170,  0.2890732,  0.2962077, -0.9103284
  0.9415241, -0.0000007, -0.3369455,  0.0000000,  1.0000000, -0.0000020,  0.3369455,  0.0000019,  0.9415241,  0.0000000,  0.0000000,  8.7775736,  0.2563952,  0.2962045, -0.9200676
  0.9337646, -0.0000007, -0.3578878,  0.0000000,  1.0000000, -0.0000020,  0.3578878,  0.0000019,  0.9337646,  0.0000000,  0.0000000,  8.6663506,  0.2245989,  0.2962013, -0.9283427
  0.9259481, -0.0000008, -0.3776509, -0.0000000,  1.0000000, -0.0000021,  0.3776509,  0.0000019,  0.9259481,  0.0000000, -0.0000000,  8.5535226,  0.1937373,  0.2961982, -0.9352714
  0.9181315, -0.0000008, -0.3962760,  0.0000000,  1.0000000, -0.0000021,  0.3962760,  0.0000019,  0.9181315, -0.0000000,  0.0000000,  8.4398512,  0.1638444,  0.2961950, -0.9409695
  0.9103629, -0.0000009, -0.4138108,  0.0000000,  1.0000000, -0.0000021,  0.4138108,  0.0000019,  0.9103629, -0.0000000,  0.0000000,  8.3259898,  0.1349377,  0.2961917, -0.9455487
  0.9026825, -0.0000009, -0.4303072, -0.0000000,  1.0000000, -0.0000021,  0.4303072,  0.0000019,  0.9026825, -0.0000000,  0.0000000,  8.2124900,  0.1070217,  0.2961885, -0.9491147
  0.8951230, -0.0000009, -0.4458193, -0.0000000,  1.0000000, -0.0000020,  0.4458193,  0.0000018,  0.8951230,  0.0000000,  0.0000000,  8.0998109,  0.0800897,  0.2961853, -0.9517667
  0.8877106, -0.0000009, -0.4604020,  0.0000000,  1.0000000, -0.0000020,  0.4604020,  0.0000018,  0.8877106,  0.0000000, -0.0000000,  7.9883281,  0.0541265,  0.2961821, -0.9535966
  0.8804657, -0.0000009, -0.4741098,  0.0000000,  1.0000000, -0.0000019,  0.4741098,  0.0000017,  0.8804657, -0.0000000,  0.0000000,  7.8783442,  0.0291102,  0.2961788, -0.9546888
  0.8734041, -0.0000009, -0.4869961,  0.0000000,  1.0000000, -0.0000019,  0.4869961,  0.0000017,  0.8734041,  0.0000000, -0.0000000,  7.7700981,  0.0050142,  0.2961756, -0.9551204
  0.8665371, -0.0000009, -0.4991127, -0.0000000,  1.0000000, -0.0000018,  0.4991127,  0.0000016,  0.8665371,  0.0000000,  0.0000000,  7.6637739, -0.0181917,  0.2961723, -0.9549613
  0.8598726, -0.0000009, -0.5105087,  0.0000000,  1.0000000, -0.0000018,  0.5105087,  0.0000015,  0.8598726,  0.0000000, -0.0000000,  7.5595095, -0.0405401,  0.2961691, -0.9542748
  0.8534155, -0.0000009, -0.5212313,  0.0000000,  1.0000000, -0.0000017,  0.5212313,  0.0000015,  0.8534155, -0.0000000,  0.0000000,  7.4574033, -0.0620647,  0.2961658, -0.9531179
  0.8471684, -0.0000009, -0.5313245,  0.0000000,  1.0000000, -0.0000016,  0.5313245,  0.0000014,  0.8471684, -0.0000000,  0.0000000,  7.3575213, -0.0828002,  0.2961625, -0.9515418
  0.8411318, -0.0000009, -0.5408302,  0.0000000,  1.0000000, -0.0000016,  0.5408302,  0.0000013,  0.8411318, -0.0000000,  0.0000000,  7.2599024, -0.1027811,  0.2961593, -0.9495924
  0.8353048, -0.0000008, -0.5497872,  0.0000000,  1.0000000, -0.0000015,  0.5497872,  0.0000013,  0.8353048, -0.0000000,  0.0000000,  7.1645633, -0.1220418,  0.2961560, -0.9473106
  0.8296850, -0.0000008, -0.5582319,  0.0000000,  1.0000000, -0.0000014,  0.5582319,  0.0000012,  0.8296850, -0.0000000,  0.0000000,  7.0715027, -0.1406156,  0.2961527, -0.9447332
  0.8242692, -0.0000008, -0.5661981,  0.0000000,  1.0000000, -0.0000014,  0.5661981,  0.0000011,  0.8242692,  0.0000000,  0.0000000,  6.9807051, -0.1585353,  0.2961494, -0.9418928
  0.8190534, -0.0000007, -0.5737173,  0.0000000,  1.0000000, -0.0000013,  0.5737173,  0.0000010,  0.8190534,  0.0000000,  0.0000000,  6.8921431, -0.1758321,  0.2961462, -0.9388187
  0.8140330, -0.0000007, -0.5808186,  0.0000000,  1.0000000, -0.0000012,  0.5808186,  0.0000010,  0.8140330, -0.0000000,  0.0000000,  6.8057806, -0.1925365,  0.2961429, -0.9355368
  0.8092030, -0.0000007, -0.5875291, -0.0000000,  1.0000000, -0.0000011,  0.5875291,  0.0000009,  0.8092030,  0.0000000,  0.0000000,  6.7215744, -0.2086772,  0.2961396, -0.9320704
  0.8045581, -0.0000006, -0.5938739, -0.0000000,  1.0000000, -0.0000011,  0.5938739,  0.0000009,  0.8045581,  0.0000000,  0.0000000,  6.6394761, -0.2242818,  0.2961363, -0.9284401
  0.8000929, -0.0000006, -0.5998762,  0.0000000,  1.0000000, -0.0000010,  0.5998762,  0.0000008,  0.8000929,  0.0000000,  0.0000000,  6.5594336, -0.2393766,  0.2961331, -0.9246643
  0.7958017, -0.0000006, -0.6055574,  0.0000000,  1.0000000, -0.0000009,  0.6055574,  0.0000007,  0.7958017, -0.0000000,  0.0000000,  6.4813920, -0.2539865,  0.2961298, -0.9207595
  0.7916789, -0.0000005, -0.6109374,  0.0000000,  1.0000000, -0.0000008,  0.6109374,  0.0000007,  0.7916789,  0.0000000, -0.0000000,  6.4052949, -0.2681351,  0.2961265, -0.9167402
  0.7877190, -0.0000005, -0.6160347,  0.0000000,  1.0000000, -0.0000008,  0.6160347,  0.0000006,  0.7877190, -0.0000000,  0.0000000,  6.3310847, -0.2818448,  0.2961232, -0.9126196
  0.7839165, -0.0000004, -0.6208663,  0.0000000,  1.0000000, -0.0000007,  0.6208663,  0.0000005,  0.7839165,  0.0000000,  0.0000000,  6.2587037, -0.2951365,  0.2961200, -0.9084093
  0.7802659, -0.0000004, -0.6254479,  0.0000000,  1.0000000, -0.0000006,  0.6254479,  0.0000005,  0.7802659,  0.0000000,  0.0000000,  6.1880943, -0.3080304,  0.2961167, -0.9041196
  0.7767619, -0.0000003, -0.6297943,  0.0000000,  1.0000000, -0.0000005,  0.6297943,  0.0000004,  0.7767619,  0.0000000,  0.0000000,  6.1191996, -0.3205452,  0.2961134, -0.8997598
  0.7733994, -0.0000003, -0.6339190,  0.0000000,  1.0000000, -0.0000005,  0.6339190,  0.0000004,  0.7733994,  0.0000000,  0.0000000,  6.0519634, -0.3326988,  0.2961101, -0.8953381
  0.7701733, -0.0000003, -0.6378347,  0.0000000,  1.0000000, -0.0000004,  0.6378347,  0.0000003,  0.7701733,  0.0000000,  0.0000000,  5.9863308, -0.3445079,  0.2961068, -0.8908620
  0.7670788, -0.0000002, -0.6415529,  0.0000000,  1.0000000, -0.0000003,  0.6415529,  0.0000003,  0.7670788,  0.0000000, -0.0000000,  5.9222480, -0.3559883,  0.2961036, -0.8863380
  0.7641111, -0.0000002, -0.6450846, -0.0000000,  1.0000000, -0.0000003,  0.6450846,  0.0000002,  0.7641111, -0.0000000,  0.0000000,  5.8596627, -0.3671551,  0.2961003, -0.8817719
  0.7612659, -0.0000001, -0.6484399,  0.0000000,  1.0000000, -0.0000002,  0.6484399,  0.0000001,  0.7612659, -0.0000000,  0.0000000,  5.7985243, -0.3780224,  0.2960970, -0.8771691
  0.7585386, -0.0000001, -0.6516281,  0.0000000,  1.0000000, -0.0000001,  0.6516281,  0.0000001,  0.7585386, -0.0000000,  0.0000000,  5.7387835, -0.3886033,  0.2960937, -0.8725342
  0.7559252, -0.0000000, -0.6546580,  0.0000000,  1.0000000, -0.0000001,  0.6546580,  0.0000000,  0.7559252,  0.0000000,  0.0000000,  5.6803929, -0.3989106,  0.2960904, -0.8678714
  0.7534215,  0.0000000, -0.6575378, -0.0000000,  1.0000000,  0.0000000,  0.6575378, -0.0000000,  0.7534215, -0.0000000,  0.0000000,  5.6233065, -0.4089560,  0.2960872, -0.8631844
  0.7510238,  0.0000001, -0.6602751,  0.0000000,  1.0000000,  0.0000001,  0.6602751, -0.0000001,  0.7510238,  0.0000000,  0.0000000,  5.5674800, -0.4187509,  0.2960839, -0.8584766
  0.7487284,  0.0000001, -0.6628769,  0.0000000,  1.0000000,  0.0000002,  0.6628769, -0.0000001,  0.7487284,  0.0000000,  0.0000000,  5.5128708, -0.4283057,  0.2960806, -0.8537509
  0.7465317,  0.0000001, -0.6653498,  0.0000000,  1.0000000,  0.0000002,  0.6653498, -0.0000002,  0.7465317, -0.0000000,  0.0000000,  5.4594378, -0.4376305,  0.2960773, -0.8490099
  0.7444304,  0.0000002, -0.6677001, -0.0000000,  1.0000000,  0.0000003,  0.6677001, -0.0000002,  0.7444304, -0.0000000,  0.0000000,  5.4071415, -0.4467348,  0.2960740, -0.8442560
  0.7424211,  0.0000002, -0.6699335,  0.0000000,  1.0000000,  0.0000004,  0.6699335, -0.0000003,  0.7424211,  0.0000000, -0.0000000,  5.3559439, -0.4556275,  0.2960708, -0.8394913
  0.7405009,  0.0000003, -0.6720554,  0.0000000,  1.0000000,  0.0000004,  0.6720554, -0.0000003,  0.7405009, -0.0000000,  0.0000000,  5.3058085, -0.4643171,  0.2960675, -0.8347177
  0.7386666,  0.0000003, -0.6740710,  0.0000000,  1.0000000,  0.0000005,  0.6740710, -0.0000004,  0.7386666,  0.0000000,  0.0000000,  5.2567003, -0.4728117,  0.2960642, -0.8299368
  0.7369155,  0.0000004, -0.6759848,  0.0000000,  1.0000000,  0.0000006,  0.6759848, -0.0000004,  0.7369155, -0.0000000,  0.0000000,  5.2085855, -0.4811188,  0.2960609, -0.8251500
  0.7352449,  0.0000004, -0.6778015, -0.0000000,  1.0000000,  0.0000006,  0.6778015, -0.0000005,  0.7352449,  0.0000000,  0.0000000,  5.1614318, -0.4892457,  0.2960577, -0.8203588
  0.7336522,  0.0000005, -0.6795252, -0.0000000,  1.0000000,  0.0000007,  0.6795252, -0.0000005,  0.7336522, -0.0000000,  0.0000000,  5.1152081, -0.4971992,  0.2960544, -0.8155641
  0.7321348,  0.0000005, -0.6811598,  0.0000000,  1.0000000,  0.0000007,  0.6811598, -0.0000005,  0.7321348,  0.0000000,  0.0000000,  5.0698847, -0.5049858,  0.2960511, -0.8107670
  0.7306904,  0.0000006, -0.6827090,  0.0000000,  1.0000000,  0.0000008,  0.6827090, -0.0000006,  0.7306904,  0.0000000,  0.0000000,  5.0254329, -0.5126117,  0.2960478, -0.8059683
  0.7293167,  0.0000006, -0.6841762,  0.0000000,  1.0000000,  0.0000009,  0.6841762, -0.0000006,  0.7293167,  0.0000000,  0.0000000,  4.9818252, -0.5200826,  0.2960445, -0.8011689
  0.7280116,  0.0000006, -0.6855648,  0.0000000,  1.0000000,  0.0000009,  0.6855648, -0.0000007,  0.7280116, -0.0000000,  0.0000000,  4.9390353, -0.5274043,  0.2960413, -0.7963695
  0.7267730,  0.0000007, -0.6868777, -0.0000000,  1.0000000,  0.0000010,  0.6868777, -0.0000007,  0.7267730, -0.0000000, -0.0000000,  4.8970379, -0.5345818,  0.2960380, -0.7915704
  0.7255988,  0.0000007, -0.6881180, -0.0000000,  1.0000000,  0.0000011,  0.6881180, -0.0000008,  0.7255988,  0.0000000,  0.0000000,  4.8558085, -0.5416204,  0.2960347, -0.7867724
  0.7244872,  0.0000008, -0.6892883,  0.0000000,  1.0000000,  0.0000011,  0.6892883, -0.0000008,  0.7244872, -0.0000000,  0.0000000,  4.8153239, -0.5485247,  0.2960314, -0.7819757
  0.7234363,  0.0000008, -0.6903912,  0.0000000,  1.0000000,  0.0000012,  0.6903912, -0.0000009,  0.7234363, -0.0000000,  0.0000000,  4.7755617, -0.5552994,  0.2960282, -0.7771807
  0.7224444,  0.0000009, -0.6914291,  0.0000000,  1.0000000,  0.0000013,  0.6914291, -0.0000009,  0.7224444,  0.0000000,  0.0000000,  4.7365002, -0.5619487,  0.2960249, -0.7723878
  0.7215097,  0.0000009, -0.6924043,  0.0000000,  1.0000000,  0.0000013,  0.6924043, -0.0000010,  0.7215097, -0.0000000, -0.0000000,  4.6981187, -0.5684768,  0.2960216, -0.7675971
  0.7206308,  0.0000010, -0.6933190,  0.0000000,  1.0000000,  0.0000014,  0.6933190, -0.0000010,  0.7206308,  0.0000000, -0.0000000,  4.6603974, -0.5748877,  0.2960183, -0.7628088
  0.7198060,  0.0000010, -0.6941753,  0.0000000,  1.0000000,  0.0000015,  0.6941753, -0.0000010,  0.7198060, -0.0000000,  0.0000000,  4.6233171, -0.5811850,  0.2960151, -0.7580231
  0.7190339,  0.0000011, -0.6949750,  0.0000000,  1.0000000,  0.0000015,  0.6949750, -0.0000011,  0.7190339, -0.0000000,  0.0000000,  4.5868593, -0.5873725,  0.2960118, -0.7532401
  0.7183131,  0.0000011, -0.6957200,  0.0000000,  1.0000000,  0.0000016,  0.6957200, -0.0000011,  0.7183131,  0.0000000, -0.0000000,  4.5510065, -0.5934534,  0.2960085, -0.7484598
  0.7176421,  0.0000011, -0.6964121,  0.0000000,  1.0000000,  0.0000016,  0.6964121, -0.0000012,  0.7176421, -0.0000000,  0.0000000,  4.5157416, -0.5994311,  0.2960052, -0.7436822
  0.7170198,  0.0000012, -0.6970528,  0.0000000,  1.0000000,  0.0000017,  0.6970528, -0.0000012,  0.7170198,  0.0000000, -0.0000000,  4.4810482, -0.6053087,  0.2960020, -0.7389074
  0.7164448,  0.0000012, -0.6976438,  0.0000000,  1.0000000,  0.0000018,  0.6976438, -0.0000013,  0.7164448, -0.0000000,  0.0000000,  4.4469105, -0.6110893,  0.2959987, -0.7341353
  0.7159159,  0.0000013, -0.6981865,  0.0000000,  1.0000000,  0.0000018,  0.6981865, -0.0000013,  0.7159159, -0.0000000,  0.0000000,  4.4133134, -0.6167755,  0.2959954, -0.7293659
  0.7154321,  0.0000013, -0.6986823,  0.0000000,  1.0000000,  0.0000019,  0.6986823, -0.0000014,  0.7154321, -0.0000000, -0.0000000,  4.3802422, -0.6223702,  0.2959922, -0.7245992
  0.7149921,  0.0000014, -0.6991325, -0.0000000,  1.0000000,  0.0000020,  0.6991325, -0.0000014,  0.7149921,  0.0000000,  0.0000000,  4.3476829, -0.6278761,  0.2959889, -0.7198349
  0.7145949,  0.0000014, -0.6995385,  0.0000000,  1.0000000,  0.0000020,  0.6995385, -0.0000014,  0.7145949, -0.0000000,  0.0000000,  4.3156219, -0.6332955,  0.2959856, -0.7150730
  0.7142395,  0.0000015, -0.6999013, -0.0000000,  1.0000000,  0.0000021,  0.6999013, -0.0000015,  0.7142395, -0.0000000,  0.0000000,  4.2840461, -0.6386309,  0.2959823, -0.7103134
  0.7139250,  0.0000015, -0.7002222, -0.0000000,  1.0000000,  0.0000021,  0.7002222, -0.0000015,  0.7139250,  0.0000000, -0.0000000,  4.2529430, -0.6438846,  0.2959791, -0.7055559
  0.7136503,  0.0000015, -0.7005022,  0.0000000,  1.0000000,  0.0000022,  0.7005022, -0.0000016,  0.7136503,  0.0000000, -0.0000000,  4.2223003, -0.6490587,  0.2959758, -0.7008003
  0.7134145,  0.0000016, -0.7007423,  0.0000000,  1.0000000,  0.0000023,  0.7007423, -0.0000016,  0.7134145,  0.0000000,  0.0000000,  4.1921064, -0.6541555,  0.2959725, -0.6960466
  0.7132169,  0.0000016, -0.7009434,  0.0000000,  1.0000000,  0.0000023,  0.7009434, -0.0000017,  0.7132169, -0.0000000,  0.0000000,  4.1623500, -0.6591768,  0.2959693, -0.6912945
  0.7130564,  0.0000017, -0.7011067,  0.0000000,  1.0000000,  0.0000024,  0.7011067, -0.0000017,  0.7130564, -0.0000000,  0.0000000,  4.1330202, -0.6641248,  0.2959660, -0.6865438
  0.7129324,  0.0000017, -0.7012328,  0.0000000,  1.0000000,  0.0000025,  0.7012328, -0.0000018,  0.7129324,  0.0000000,  0.0000000,  4.1041063, -0.6690011,  0.2959627, -0.6817944
  0.7128440,  0.0000018, -0.7013226,  0.0000000,  1.0000000,  0.0000025,  0.7013226, -0.0000018,  0.7128440, -0.0000000,  0.0000000,  4.0755983, -0.6738076,  0.2959594, -0.6770460
  0.7127905,  0.0000018, -0.7013770, -0.0000000,  1.0000000,  0.0000026,  0.7013770, -0.0000018,  0.7127905, -0.0000000,  0.0000000,  4.0474864, -0.6785460,  0.2959562, -0.6722985
  0.7127712,  0.0000019, -0.7013966,  0.0000000,  1.0000000,  0.0000026,  0.7013966, -0.0000019,  0.7127712,  0.0000000, -0.0000000,  4.0197609, -0.6832180,  0.2959529, -0.6675515
  0.7127853,  0.0000019, -0.7013823,  0.0000000,  1.0000000,  0.0000027,  0.7013823, -0.0000019,  0.7127853, -0.0000000,  0.0000000,  3.9924129, -0.6878251,  0.2959496, -0.6628050
  0.7128322,  0.0000019, -0.7013346,  0.0000000,  1.0000000,  0.0000028,  0.7013346, -0.0000020,  0.7128322, -0.0000000, -0.0000000,  3.9654334, -0.6923689,  0.2959464, -0.6580586
  0.7129112,  0.0000020, -0.7012543,  0.0000000,  1.0000000,  0.0000028,  0.7012543, -0.0000020,  0.7129112,  0.0000000, -0.0000000,  3.9388139, -0.6968507,  0.2959431, -0.6533122
  0.7130217,  0.0000020, -0.7011419,  0.0000000,  1.0000000,  0.0000029,  0.7011419, -0.0000021,  0.7130217, -0.0000000, -0.0000000,  3.9125460, -0.7012721,  0.2959398, -0.6485654
  0.7131632,  0.0000021, -0.7009981, -0.0000000,  1.0000000,  0.0000030,  0.7009981, -0.0000021,  0.7131632,  0.0000000,  0.0000000,  3.8866219, -0.7056343,  0.2959366, -0.6438181
